ISS (ZARYA)
1 25544U 98067A   24159.54361928  .00031650  00000+0  55976-3 0  9992
2 25544  51.6416  23.2387 0005348 314.1872 145.7167 15.50738762453199
HUBBLE SPACE TELESCOPE
1 20580U 90037B   24159.26751992  .00001468  00000+0  89641-4 0  9993
2 20580  28.4692 125.7274 0002462 134.2809 225.8513 15.12165955320032
LANDSAT 8
1 39084U 13008A   24159.21176477  .00000054  00000+0  39165-4 0  9996
2 39084  98.2104 159.6505 0001251 103.1191 257.0211 14.57129397596436
SENTINEL-2A
1 40697U 15028A   24159.23899302  .00000015  00000+0  11052-4 0  9998
2 40697  98.5663  74.1716 0001113  92.2266 267.9079 14.30876139468673
STARLINK-30000
1 55270U 23020AL  24159.30594574  .00012116  00000+0  82669-4 0  9994
2 55270  53.2234  32.4984 0001107 287.2746  72.8028 15.05750327 69752
